0,0
1,1
2,3
3,6
4,2
5,7
6,13
7,20
8,12
9,21
10,11
11,22
12,10
13,23
14,9
15,24
16,8
17,25
18,43
19,62
20,42
21,63
22,41
23,18
24,42
25,17
26,43
27,16
28,44
29,15
30,45
31,14
32,46
33,79
34,113
35,78
36,114
37,77
38,39
39,78
40,38
41,79
42,37
43,80
44,36
45,81
46,35
47,82
48,34
49,83
50,33
51,84
52,32
53,85
54,31
55,86
56,30
57,87
58,29
59,88
60,28
61,89
62,27
63,90
64,26
65,91
66,157
67,224
68,156
69,225
70,155
71,226
72,154
73,227
74,153
75,228
76,152
77,75
78,153
79,74
80,154
81,73
82,155
83,72
84,156
85,71
86,157
87,70
88,158
89,69
90,159
91,68
92,160
93,67
94,161
95,66
96,162
97,65
98,163
99,64
100,164
101,265
102,367
103,264
104,368
105,263
106,369
107,262
108,370
109,261
110,151
111,40
112,152
113,265
114,379
115,494
116,378
117,495
118,377
119,258
120,138
121,259
122,137
123,260
124,136
125,261
126,135
127,262
128,134
129,5
130,135
131,4
132,136
133,269
134,403
135,268
136,132
137,269
138,131
139,270
140,130
141,271
142,129
143,272
144,128
145,273
146,127
147,274
148,126
149,275
150,125
151,276
152,124
153,277
154,123
155,278
156,122
157,279
158,121
159,280
160,120
161,281
162,119
163,282
164,118
165,283
166,117
167,284
168,116
169,285
170,115
171,286
172,458
173,631
174,457
175,632
176,456
177,633
178,455
179,634
180,454
181,635
182,453
183,636
184,452
185,267
186,453
187,266
188,454
189,643
190,833
191,642
192,450
193,257
194,451
195,256
196,60
197,257
198,59
199,258
200,58
201,259
202,57
203,260
204,56
205,261
206,55
207,262
208,54
209,263
210,53
211,264
212,52
213,265
214,51
215,266
216,50
217,267
218,49
219,268
220,48
221,269
222,47
223,270
224,494
225,719
226,493
227,720
228,492
229,721
230,491
231,722
232,490
233,723
234,489
235,254
236,490
237,253
238,491
239,252
240,492
241,251
242,493
243,250
244,494
245,249
246,495
247,248
248,496
249,247
250,497
251,246
252,498
253,245
254,499
255,244
256,500
257,243
258,501
259,242
260,502
261,241
262,503
263,240
264,504
265,239
266,505
267,238
268,506
269,237
270,507
271,236
272,508
273,235
274,509
275,234
276,510
277,233
278,511
279,232
280,512
281,231
282,513
283,230
284,514
285,229
286,515
287,802
288,1090
289,801
290,1091
291,800
292,1092
293,799
294,1093
295,798
296,1094
297,797
298,1095
299,796
300,1096
301,795
302,1097
303,794
304,1098
305,793
306,487
307,180
308,488
309,179
310,489
311,178
312,490
313,177
314,491
315,176
316,492
317,175
318,493
319,174
320,494
321,173
322,495
323,172
324,496
325,171
326,497
327,170
328,498
329,169
330,499
331,168
332,500
333,167
334,501
335,166
336,502
337,165
338,503
339,842
340,1182
341,841
342,1183
343,840
344,1184
345,839
346,1185
347,838
348,1186
349,837
350,1187
351,836
352,484
353,837
354,483
355,838
356,482
357,839
358,481
359,840
360,480
361,841
362,479
363,842
364,478
365,843
366,477
367,110
368,478
369,109
370,479
371,108
372,480
373,107
374,481
375,106
376,482
377,105
378,483
379,104
380,484
381,103
382,485
383,102
384,486
385,101
386,487
387,100
388,488
389,99
390,489
391,98
392,490
393,97
394,491
395,96
396,492
397,95
398,493
399,94
400,494
401,93
402,495
403,92
404,496
405,901
406,1307
407,900
408,1308
409,899
410,1309
411,898
412,1310
413,897
414,1311
415,896
416,1312
417,895
418,1313
419,894
420,474
421,895
422,473
423,896
424,472
425,897
426,471
427,898
428,470
429,899
430,469
431,900
432,468
433,901
434,467
435,902
436,466
437,903
438,465
439,904
440,464
441,905
442,463
443,906
444,462
445,907
446,461
447,908
448,460
449,909
450,459
451,910
452,1362
453,1815
454,1361
455,1816
456,1360
457,1817
458,1359
459,1818
460,1358
461,1819
462,1357
463,1820
464,1356
465,891
466,425
467,892
468,424
469,893
470,423
471,894
472,422
473,895
474,421
475,896
476,420
477,897
478,419
479,898
480,418
481,899
482,417
483,900
484,416
485,901
486,415
487,902
488,414
489,903
490,413
491,904
492,412
493,905
494,411
495,906
496,410
497,907
498,409
499,908
500,408
501,909
502,407
503,910
504,406
505,911
506,405
507,912
508,404
509,913
510,1423
511,1934
512,1422
513,1935
514,1421
515,1936
516,1420
517,1937
518,1419
519,1938
520,1418
521,1939
522,1417
523,1940
524,1416
525,1941
526,1415
527,888
528,360
529,889
530,359
531,890
532,358
533,891
534,357
535,892
536,356
537,893
538,355
539,894
540,354
541,895
542,353
543,896
544,352
545,897
546,351
547,898
548,350
549,899
550,349
551,900
552,348
553,901
554,347
555,902
556,346
557,903
558,345
559,904
560,344
561,905
562,343
563,906
564,342
565,907
566,341
567,908
568,340
569,909
570,339
571,910
572,338
573,911
574,337
575,912
576,336
577,913
578,335
579,914
580,334
581,915
582,333
583,916
584,332
585,917
586,331
587,918
588,330
589,919
590,329
591,920
592,328
593,921
594,327
595,922
596,326
597,923
598,325
599,924
600,324
601,925
602,323
603,926
604,322
605,927
606,321
607,928
608,320
609,929
610,319
611,930
612,318
613,931
614,317
615,932
616,316
617,933
618,315
619,934
620,314
621,935
622,313
623,936
624,312
625,937
626,311
627,938
628,310
629,939
630,309
631,940
632,308
633,941
634,307
635,942
636,306
637,943
638,305
639,944
640,304
641,945
642,303
643,946
644,302
645,947
646,301
647,948
648,300
649,949
650,299
651,950
652,298
653,951
654,297
655,952
656,296
657,953
658,295
659,954
660,294
661,955
662,293
663,956
664,292
665,957
666,291
667,958
668,290
669,959
670,289
671,960
672,288
673,961
674,287
675,962
676,1638
677,2315
678,1637
679,2316
680,1636
681,2317
682,1635
683,2318
684,1634
685,2319
686,1633
687,2320
688,1632
689,2321
690,1631
691,2322
692,1630
693,2323
694,1629
695,2324
696,1628
697,2325
698,1627
699,2326
700,1626
701,2327
702,1625
703,2328
704,1624
705,2329
706,1623
707,2330
708,1622
709,2331
710,1621
711,2332
712,1620
713,2333
714,1619
715,2334
716,1618
717,2335
718,1617
719,2336
720,1616
721,2337
722,1615
723,2338
724,1614
725,2339
726,1613
727,886
728,1614
729,885
730,1615
731,884
732,1616
733,883
734,149
735,884
736,148
737,885
738,147
739,886
740,146
741,887
742,145
743,888
744,144
745,889
746,143
747,890
748,142
749,891
750,141
751,892
752,140
753,893
754,139
755,894
756,1650
757,2407
758,1649
759,2408
760,1648
761,2409
762,1647
763,2410
764,1646
765,881
766,1647
767,880
768,112
769,881
770,111
771,882
772,1654
773,2427
774,1653
775,878
776,1654
777,877
778,1655
779,876
780,1656
781,875
782,1657
783,874
784,1658
785,873
786,1659
787,872
788,1660
789,871
790,1661
791,870
792,1662
793,869
794,1663
795,868
796,1664
797,867
798,1665
799,866
800,1666
801,865
802,1667
803,864
804,1668
805,863
806,1669
807,862
808,1670
809,861
810,1671
811,860
812,1672
813,859
814,1673
815,858
816,1674
817,857
818,1675
819,856
820,1676
821,855
822,1677
823,854
824,1678
825,853
826,1679
827,852
828,1680
829,851
830,1681
831,850
832,1682
833,849
834,1683
835,848
836,1684
837,847
838,1685
839,846
840,1686
841,845
842,1687
843,844
844,1688
845,2533
846,3379
847,2532
848,3380
849,2531
850,3381
851,2530
852,3382
853,2529
854,3383
855,2528
856,3384
857,2527
858,3385
859,2526
860,3386
861,2525
862,3387
863,2524
864,3388
865,2523
866,3389
867,2522
868,3390
869,2521
870,1651
871,780
872,1652
873,779
874,1653
875,778
876,1654
877,777
878,1655
879,776
880,1656
881,775
882,1657
883,774
884,1658
885,773
886,1659
887,772
888,1660
889,771
890,1661
891,770
892,1662
893,769
894,1663
895,768
896,1664
897,767
898,1665
899,766
900,1666
901,765
902,1667
903,764
904,1668
905,763
906,1669
907,762
908,1670
909,761
910,1671
911,760
912,1672
913,759
914,1673
915,758
916,1674
917,757
918,1675
919,756
920,1676
921,755
922,1677
923,754
924,1678
925,753
926,1679
927,752
928,1680
929,751
930,1681
931,750
932,1682
933,749
934,1683
935,748
936,1684
937,747
938,1685
939,746
940,1686
941,745
942,1687
943,744
944,1688
945,743
946,1689
947,742
948,1690
949,741
950,1691
951,740
952,1692
953,739
954,1693
955,738
956,1694
957,737
958,1695
959,736
960,1696
961,735
962,1697
963,734
964,1698
965,733
966,1699
967,732
968,1700
969,731
970,1701
971,730
972,1702
973,729
974,1703
975,728
976,1704
977,727
978,1705
979,726
980,1706
981,725
982,1707
983,724
984,1708
985,2693
986,3679
987,2692
988,3680
989,2691
990,3681
991,2690
992,3682
993,2689
994,3683
995,2688
996,3684
997,2687
998,3685
999,2686
1000,3686
1001,2685
1002,3687
1003,2684
1004,3688
1005,2683
1006,3689
1007,2682
1008,3690
1009,2681
1010,3691
1011,2680
1012,3692
1013,2679
1014,3693
1015,2678
1016,3694
1017,2677
1018,3695
1019,2676
1020,3696
1021,2675
1022,3697
1023,2674
1024,3698
1025,2673
1026,3699
1027,2672
1028,1644
1029,615
1030,1645
1031,614
1032,1646
1033,613
1034,1647
1035,612
1036,1648
1037,611
1038,1649
1039,610
1040,1650
1041,609
1042,1651
1043,608
1044,1652
1045,607
1046,1653
1047,606
1048,1654
1049,605
1050,1655
1051,604
1052,1656
1053,603
1054,1657
1055,602
1056,1658
1057,601
1058,1659
1059,600
1060,1660
1061,599
1062,1661
1063,598
1064,1662
1065,597
1066,1663
1067,596
1068,1664
1069,595
1070,1665
1071,594
1072,1666
1073,593
1074,1667
1075,592
1076,1668
1077,591
1078,1669
1079,590
1080,1670
1081,589
1082,1671
1083,588
1084,1672
1085,587
1086,1673
1087,586
1088,1674
1089,585
1090,1675
1091,584
1092,1676
1093,583
1094,1677
1095,582
1096,1678
1097,581
1098,1679
1099,580
1100,1680
1101,579
1102,1681
1103,578
1104,1682
1105,577
1106,1683
1107,576
1108,1684
1109,575
1110,1685
1111,574
1112,1686
1113,573
1114,1687
1115,572
1116,1688
1117,571
1118,1689
1119,570
1120,1690
1121,569
1122,1691
1123,568
1124,1692
1125,567
1126,1693
1127,566
1128,1694
1129,565
1130,1695
1131,564
1132,1696
1133,563
1134,1697
1135,562
1136,1698
1137,561
1138,1699
1139,560
1140,1700
1141,559
1142,1701
1143,558
1144,1702
1145,557
1146,1703
1147,556
1148,1704
1149,555
1150,1705
1151,554
1152,1706
1153,553
1154,1707
1155,552
1156,1708
1157,551
1158,1709
1159,550
1160,1710
1161,549
1162,1711
1163,548
1164,1712
1165,547
1166,1713
1167,546
1168,1714
1169,545
1170,1715
1171,544
1172,1716
1173,543
1174,1717
1175,542
1176,1718
1177,541
1178,1719
1179,540
1180,1720
1181,539
1182,1721
1183,538
1184,1722
1185,537
1186,1723
1187,536
1188,1724
1189,535
1190,1725
1191,534
1192,1726
1193,533
1194,1727
1195,532
1196,1728
1197,531
1198,1729
1199,530
1200,1730
1201,529
1202,1731
1203,528
1204,1732
1205,527
1206,1733
1207,526
1208,1734
1209,525
1210,1735
1211,524
1212,1736
1213,523
1214,1737
1215,522
1216,1738
1217,521
1218,1739
1219,520
1220,1740
1221,519
1222,1741
1223,518
1224,1742
1225,517
1226,1743
1227,516
1228,1744
1229,2973
1230,4203
1231,2972
1232,4204
1233,2971
1234,4205
1235,2970
1236,4206
1237,2969
1238,4207
1239,2968
1240,4208
1241,2967
1242,4209
1243,2966
1244,4210
1245,2965
1246,4211
1247,2964
1248,4212
1249,2963
1250,4213
1251,2962
1252,4214
1253,2961
1254,4215
1255,2960
1256,4216
1257,2959
1258,4217
1259,2958
1260,4218
1261,2957
1262,4219
1263,2956
1264,4220
1265,2955
1266,4221
1267,2954
1268,4222
1269,2953
1270,4223
1271,2952
1272,4224
1273,2951
1274,4225
1275,2950
1276,4226
1277,2949
1278,4227
1279,2948
1280,4228
1281,2947
1282,4229
1283,2946
1284,4230
1285,2945
1286,4231
1287,2944
1288,4232
1289,2943
1290,4233
1291,2942
1292,4234
1293,2941
1294,4235
1295,2940
1296,4236
1297,2939
1298,1641
1299,2940
1300,1640
1301,2941
1302,1639
1303,2942
1304,4246
1305,5551
1306,4245
1307,2938
1308,4246
1309,2937
1310,4247
1311,2936
1312,4248
1313,2935
1314,4249
1315,2934
1316,4250
1317,2933
1318,4251
1319,2932
1320,1612
1321,2933
1322,1611
1323,2934
1324,1610
1325,2935
1326,1609
1327,2936
1328,1608
1329,2937
1330,1607
1331,2938
1332,1606
1333,2939
1334,1605
1335,2940
1336,1604
1337,2941
1338,1603
1339,2942
1340,1602
1341,2943
1342,1601
1343,2944
1344,1600
1345,255
1346,1601
1347,2948
1348,4296
1349,5645
1350,4295
1351,5646
1352,4294
1353,5647
1354,4293
1355,5648
1356,4292
1357,5649
1358,4291
1359,5650
1360,4290
1361,2929
1362,1567
1363,204
1364,1568
1365,203
1366,1569
1367,202
1368,1570
1369,201
1370,1571
1371,200
1372,1572
1373,199
1374,1573
1375,198
1376,1574
1377,197
1378,1575
1379,196
1380,1576
1381,195
1382,1577
1383,194
1384,1578
1385,193
1386,1579
1387,192
1388,1580
1389,191
1390,1581
1391,190
1392,1582
1393,189
1394,1583
1395,188
1396,1584
1397,187
1398,1585
1399,186
1400,1586
1401,185
1402,1587
1403,184
1404,1588
1405,183
1406,1589
1407,182
1408,1590
1409,181
1410,1591
1411,3002
1412,4414
1413,3001
1414,4415
1415,3000
1416,4416
1417,2999
1418,4417
1419,2998
1420,4418
1421,2997
1422,4419
1423,2996
1424,4420
1425,2995
1426,4421
1427,2994
1428,1566
1429,2995
1430,1565
1431,2996
1432,1564
1433,2997
1434,1563
1435,2998
1436,1562
1437,2999
1438,1561
1439,3000
1440,1560
1441,3001
1442,1559
1443,3002
1444,1558
1445,3003
1446,1557
1447,3004
1448,1556
1449,3005
1450,1555
1451,3006
1452,1554
1453,3007
1454,1553
1455,3008
1456,1552
1457,3009
1458,1551
1459,3010
1460,1550
1461,3011
1462,1549
1463,3012
1464,1548
1465,3013
1466,1547
1467,3014
1468,1546
1469,3015
1470,1545
1471,3016
1472,1544
1473,3017
1474,1543
1475,3018
1476,1542
1477,3019
1478,1541
1479,3020
1480,1540
1481,3021
1482,1539
1483,3022
1484,1538
1485,3023
1486,1537
1487,3024
1488,1536
1489,3025
1490,1535
1491,3026
1492,1534
1493,3027
1494,1533
1495,3028
1496,1532
1497,3029
1498,1531
1499,3030
1500,1530
1501,3031
1502,1529
1503,3032
1504,1528
1505,3033
1506,1527
1507,3034
1508,1526
1509,3035
1510,1525
1511,3036
1512,1524
1513,3037
1514,1523
1515,3038
1516,1522
1517,3039
1518,1521
1519,3040
1520,1520
1521,3041
1522,1519
1523,3042
1524,1518
1525,3043
1526,1517
1527,3044
1528,1516
1529,3045
1530,1515
1531,3046
1532,1514
1533,3047
1534,1513
1535,3048
1536,1512
1537,3049
1538,1511
1539,3050
1540,1510
1541,3051
1542,1509
1543,3052
1544,1508
1545,3053
1546,1507
1547,3054
1548,1506
1549,3055
1550,1505
1551,3056
1552,1504
1553,3057
1554,1503
1555,3058
1556,1502
1557,3059
1558,1501
1559,3060
1560,1500
1561,3061
1562,1499
1563,3062
1564,1498
1565,3063
1566,1497
1567,3064
1568,1496
1569,3065
1570,1495
1571,3066
1572,1494
1573,3067
1574,1493
1575,3068
1576,1492
1577,3069
1578,1491
1579,3070
1580,1490
1581,3071
1582,1489
1583,3072
1584,1488
1585,3073
1586,1487
1587,3074
1588,1486
1589,3075
1590,1485
1591,3076
1592,1484
1593,3077
1594,1483
1595,3078
1596,1482
1597,3079
1598,1481
1599,3080
1600,1480
1601,3081
1602,1479
1603,3082
1604,1478
1605,3083
1606,1477
1607,3084
1608,1476
1609,3085
1610,1475
1611,3086
1612,1474
1613,3087
1614,1473
1615,3088
1616,1472
1617,3089
1618,1471
1619,3090
1620,1470
1621,3091
1622,1469
1623,3092
1624,1468
1625,3093
1626,1467
1627,3094
1628,1466
1629,3095
1630,1465
1631,3096
1632,1464
1633,3097
1634,1463
1635,3098
1636,1462
1637,3099
1638,1461
1639,3100
1640,1460
1641,3101
1642,1459
1643,3102
1644,1458
1645,3103
1646,1457
1647,3104
1648,1456
1649,3105
1650,1455
1651,3106
1652,1454
1653,3107
1654,1453
1655,3108
1656,1452
1657,3109
1658,1451
1659,3110
1660,1450
1661,3111
1662,1449
1663,3112
1664,1448
1665,3113
1666,1447
1667,3114
1668,1446
1669,3115
1670,1445
1671,3116
1672,1444
1673,3117
1674,1443
1675,3118
1676,1442
1677,3119
1678,1441
1679,3120
1680,1440
1681,3121
1682,1439
1683,3122
1684,1438
1685,3123
1686,1437
1687,3124
1688,1436
1689,3125
1690,1435
1691,3126
1692,1434
1693,3127
1694,1433
1695,3128
1696,1432
1697,3129
1698,1431
1699,3130
1700,1430
1701,3131
1702,1429
1703,3132
1704,1428
1705,3133
1706,1427
1707,3134
1708,1426
1709,3135
1710,1425
1711,3136
1712,1424
1713,3137
1714,4851
1715,6566
1716,4850
1717,6567
1718,4849
1719,6568
1720,4848
1721,6569
1722,4847
1723,6570
1724,4846
1725,6571
1726,4845
1727,6572
1728,4844
1729,6573
1730,4843
1731,6574
1732,4842
1733,6575
1734,4841
1735,6576
1736,4840
1737,6577
1738,4839
1739,6578
1740,4838
1741,6579
1742,4837
1743,6580
1744,4836
1745,6581
1746,4835
1747,6582
1748,4834
1749,6583
1750,4833
1751,6584
1752,4832
1753,6585
1754,4831
1755,6586
1756,4830
1757,6587
1758,4829
1759,6588
1760,4828
1761,6589
1762,4827
1763,6590
1764,4826
1765,6591
1766,4825
1767,6592
1768,4824
1769,6593
1770,4823
1771,6594
1772,4822
1773,6595
1774,4821
1775,6596
1776,4820
1777,6597
1778,4819
1779,6598
1780,4818
1781,6599
1782,4817
1783,6600
1784,4816
1785,6601
1786,4815
1787,6602
1788,4814
1789,6603
1790,4813
1791,6604
1792,4812
1793,6605
1794,4811
1795,6606
1796,4810
1797,6607
1798,4809
1799,6608
1800,4808
1801,6609
1802,4807
1803,6610
1804,4806
1805,6611
1806,4805
1807,6612
1808,4804
1809,6613
1810,4803
1811,2992
1812,1180
1813,2993
1814,1179
1815,2994
1816,1178
1817,2995
1818,1177
1819,2996
1820,1176
1821,2997
1822,1175
1823,2998
1824,1174
1825,2999
1826,1173
1827,3000
1828,1172
1829,3001
1830,1171
1831,3002
1832,1170
1833,3003
1834,1169
1835,3004
1836,1168
1837,3005
1838,1167
1839,3006
1840,1166
1841,3007
1842,1165
1843,3008
1844,1164
1845,3009
1846,1163
1847,3010
1848,1162
1849,3011
1850,1161
1851,3012
1852,1160
1853,3013
1854,1159
1855,3014
1856,1158
1857,3015
1858,1157
1859,3016
1860,1156
1861,3017
1862,1155
1863,3018
1864,1154
1865,3019
1866,1153
1867,3020
1868,1152
1869,3021
1870,1151
1871,3022
1872,1150
1873,3023
1874,1149
1875,3024
1876,1148
1877,3025
1878,1147
1879,3026
1880,1146
1881,3027
1882,1145
1883,3028
1884,1144
1885,3029
1886,1143
1887,3030
1888,1142
1889,3031
1890,1141
1891,3032
1892,1140
1893,3033
1894,1139
1895,3034
1896,1138
1897,3035
1898,1137
1899,3036
1900,1136
1901,3037
1902,1135
1903,3038
1904,1134
1905,3039
1906,1133
1907,3040
1908,1132
1909,3041
1910,1131
1911,3042
1912,1130
1913,3043
1914,1129
1915,3044
1916,1128
1917,3045
1918,1127
1919,3046
1920,1126
1921,3047
1922,1125
1923,3048
1924,1124
1925,3049
1926,1123
1927,3050
1928,1122
1929,3051
1930,1121
1931,3052
1932,1120
1933,3053
1934,1119
1935,3054
1936,1118
1937,3055
1938,1117
1939,3056
1940,1116
1941,3057
1942,1115
1943,3058
1944,1114
1945,3059
1946,1113
1947,3060
1948,1112
1949,3061
1950,1111
1951,3062
1952,1110
1953,3063
1954,1109
1955,3064
1956,1108
1957,3065
1958,1107
1959,3066
1960,1106
1961,3067
1962,1105
1963,3068
1964,1104
1965,3069
1966,1103
1967,3070
1968,1102
1969,3071
1970,1101
1971,3072
1972,1100
1973,3073
1974,1099
1975,3074
1976,5050
1977,7027
1978,5049
1979,7028
1980,5048
1981,7029
1982,5047
1983,7030
1984,5046
1985,7031
1986,5045
1987,7032
1988,5044
1989,7033
1990,5043
1991,7034
1992,5042
1993,7035
1994,5041
1995,7036
1996,5040
1997,7037
1998,5039
1999,7038
